3
here
4
Z
&
T
V
|.................
.................
.................
.................
.................
.................
.................
.................

.............



.............

|0 1 2 3 4 5 6 7 8 9 10 11 12 13 14 15 16 
1 1 2 3 4 5 6 7 8 9 10 11 12 13 14 15 16 
2 2 2 3 4 5 6 7 8 9 10 11 12 13 14 15 16 
3 3 3 4 5 5 6 7 8 9 10 11 12 13 14 15 16 
4 4 4 5 5 6 7 8 8 9 10 11 12 13 14 15 16 
5 5 5 5 6 7 7 8 9 10 11 12 13 13 14 15 16 
6 6 6 6 7 7 8 9 10 10 11 12 13 14 15 16 17 
7 7 7 7 8 8 9 9 10 11 12 13 13 14 15 16 17 
8 8 8 8 8 9 10 10 11 12 12 13 14 15 16 17 17 
9 9 9 9 9 10 10 11 12 12 13 14 15 15 16 17 18 
10 10 10 10 10 11 11 12 12 13 14 14 15 16 17 18 18 
11 11 11 11 11 12 12 13 13 14 14 15 16 17 17 18 19 
12 12 12 12 12 13 13 13 14 15 15 16 16 17 18 19 20 
13 13 13 13 13 13 14 14 15 15 16 17 17 18 19 19 20 
14 14 14 14 14 14 15 15 16 16 17 17 18 19 19 20 21 

&3
here
4
Z
&
T
V
|.................
.................
.................
.................
.................
.................
.................
.................
..OOO............
.................
.................
.................
..............XXX

.............
|8 8 8 8 8 8 8 8 8 9 10 10 11 12 12 13 14 
7 7 7 7 7 7 7 7 8 8 9 9 10 11 12 13 13 
6 6 6 6 6 6 6 6 7 7 8 9 10 10 11 12 13 
5 5 5 5 5 5 5 5 6 7 7 8 9 10 11 12 13 
4 4 4 4 4 4 4 5 5 6 7 8 8 9 10 11 12 
3 3 3 3 3 3 3 4 5 5 6 7 8 9 10 11 12 
2 2 2 2 2 2 2 3 4 5 6 7 8 9 10 11 12 
2 1 1 1 1 1 2 3 4 5 6 7 8 9 10 11 12 
2 1 0 0 0 1 2 3 4 5 6 7 8 9 10 11 12 
2 1 1 1 1 1 2 3 4 5 6 7 8 9 10 11 12 
2 2 2 2 2 2 2 3 4 5 6 7 8 9 10 11 12 
3 3 3 3 3 3 3 4 5 5 6 7 8 9 10 11 12 
4 4 4 4 4 4 4 5 5 6 7 8 8 9 -1 -1 -1 
5 5 5 5 5 5 5 5 6 7 7 8 9 10 11 12 13 
6 6 6 6 6 6 6 6 7 7 8 9 10 10 11 12 13 

&